100 400
0
1
2
3
4
5
6
7
8
9
10
11
12
13
14
15
16
17
18
19
20
21
22
23
24
25
26
27
28
29
30
31
32
33
34
35
36
37
38
39
40
41
42
43
44
45
46
47
48
49
50
51
52
53
54
55
56
57
58
59
60
61
62
63
64
65
66
67
68
69
70
71
72
73
74
75
76
77
78
79
80
81
82
83
84
85
86
87
88
89
90
91
92
93
94
95
96
97
98
99
4	1	351.12677
4	0	507.47708
4	3	417.9378
4	2	390.27426
5	2	805.4316
5	3	62.817196
5	0	596.8861
5	4	448.44843
6	4	698.96063
6	3	281.0445
6	1	855.09534
6	5	259.42242
7	0	224.9311
7	1	493.72565
7	3	448.00113
7	5	506.44742
8	2	597.6864	
8	1	362.2499	
8	0	75.802376	
8	4	541.63916
9	5	268.1287	
9	0	526.3079
9	7	347.8994
9	6	195.02051	
10	1	198.6001	
10	7	319.97656	
10	3	432.2453	
10	8	223.00897	
11	2	127.9453	
11	1	186.68155
11	4	265.48068
11	10	323.2151	
12	10	99.985	
12	0	81.9878	
12	8	132.0606	
12	9	510.2568	
13	9	156.52477	
13	4	603.0166	
13	7	193.02332	
13	8	325.776	
14	0	549.2258	
14	3	50.537113	
14	6	232.0862	
14	8	516.3729	
15	7	272.47018
15	9	439.0649	
15	8	205.1536	
15	12	115.55086	
16	4	247.94556
16	8	788.0419	
16	3	596.8023	
16	9	827.18317	
17	4	425.08	
17	11	229.65408	
17	12	269.42902	
17	15	323.24603	
18	4	107.48953
18	10	317.9214	
18	15	308.81873	
18	16	314.19263
19	6	600.2133	
19	16	272.2003	
19	3	346.7708
19	18	179.77763
20	9	456.5304	
20	15	438.07077	
20	8	622.0434
20	18	200.26233
21	8	256.164	
21	10	147.7058	
21	18	269.0818	
21	7	276.99097	
22	2	455.0033	
22	4	67.601776	
22	3	355.95786	
22	20	228.71161	
23	2	391.13425	
23	18	231.4865	
23	10	456.07016	
23	6	814.0872	
24	7	138.57849	
24	21	373.97327	
24	13	326.1196	
24	15	339.69986	
25	11	119.97083	
25	19	591.0	
25	16	442.76404	
25	2	40.36087	
26	18	474.97473	
26	0	18.601076	
26	7	222.39604	
26	1	284.78238	
27	13	21.095022	
27	9	172.83807	
27	5	368.30695	
27	20	511.23868	
28	8	189.08199	
28	24	225.53935	
28	9	281.18677	
28	13	139.97858	
29	20	196.93907	
29	6	444.2882	
29	7	417.2589	
29	10	290.50644	
30	7	361.20355	
30	29	651.88727	
30	24	247.38634
30	0	222.42752
31	7	185.64752	
31	6	377.53412	
31	26	321.84622
31	13	94.55686
32	15	321.97205
32	24	451.40005
32	28	226.73773
32	31	127.910126
33	18	315.19678	
33	26	695.2237	
33	32	376.42795	
33	8	702.82	
34	28	282.00177	
34	15	147.12239	
34	12	35.22783	
34	26	64.629715
35	9	953.8999	
35	2	51.86521
35	10	463.7413
35	34	497.42538
36	27	569.1555
36	12	383.8242
36	9	612.47125
36	20	322.14438
37	16	267.4416
37	19	171.96512
37	33	303.81738
37	18	343.68008
38	6	452.4511
38	29	84.89994
38	37	367.39624
38	4	248.93774
39	27	377.42947	
39	9	207.96634	
39	5	321.36118
39	31	399.94125	
40	0	319.97656
40	34	383.5753
40	27	553.5648
40	32	689.2206	
41	12	683.4947
41	38	297.92953	
41	19	373.10855
41	3	202.78067
42	17	582.1237	
42	4	241.29028
42	22	174.89711	
42	37	342.3171
43	26	385.93393	
43	11	133.22162	
43	22	215.67105	
43	10	230.21729	
44	5	565.506
44	31	243.2879
44	7	74.04053	
44	10	386.2499
45	5	405.43433	
45	19	68.593
45	42	220.1454	
45	20	203.49448	
46	16	276.74176	
46	37	46.615448
46	29	494.62006
46	23	344.9884	
47	13	46.52956	
47	42	440.30557
47	32	144.64093	
47	31	111.86599	
48	40	684.61523	
48	5	432.44653
48	10	590.05084
48	22	712.9558	
49	29	287.43347	
49	5	267.15164	
49	38	202.94334	
49	42	180.801
50	37	1011.2013	
50	29	564.6981
50	8	210.37347
50	30	310.26602
51	18	117.68602
51	37	295.61124	
51	42	50.08992	
51	45	170.35551	
52	1	270.51987	
52	25	299.93332
52	36	46.09772	
52	10	276.08875	
53	40	520.5574
53	34	211.68373	
53	38	301.3901
53	39	545.6492
54	3	334.94177	
54	2	570.81696	
54	18	130.43005	
54	23	230.67293	
55	52	168.5497
55	36	131.1259
55	49	267.61914
55	54	110.67972	
56	43	250.16994	
56	11	117.13667
56	25	17.888544	
56	35	63.788715
57	29	543.67084	
57	28	478.46106
57	34	197.23083
57	39	942.4654
58	10	426.65677	
58	41	907.1626
58	37	1071.034	
58	9	619.0258
59	30	465.53732	
59	45	739.24896	
59	43	617.29895	
59	48	231.6247
60	0	339.37738	
60	14	278.21216
60	58	443.12527	
60	30	519.03467	
61	13	349.687
61	19	296.16888	
61	54	281.62387
61	20	167.69318	
62	11	137.64084	
62	38	623.8469
62	35	43.27817	
62	43	268.412
63	24	149.91331	
63	13	226.6451
63	34	216.02083	
63	49	668.7279	
64	57	355.98456
64	21	123.69317	
64	44	243.34749	
64	53	74.330345
65	59	122.57651
65	13	80.36168	
65	38	502.35944	
65	18	598.61926	
66	65	590.20166	
66	22	500.7165	
66	8	226.63187	
66	12	142.94754	
67	59	698.3309	
67	37	198.03535	
67	54	27.166155	
67	58	874.6108	
68	12	60.207973
68	66	125.17587	
68	13	406.59686
68	18	473.79532	
69	45	566.212	
69	53	295.3117	
69	59	276.24084	
69	42	346.55447
70	9	368.12634
70	47	290.49612	
70	7	197.1218	
70	29	252.87546	
71	53	412.4815	
71	59	662.7707	
71	34	310.98715	
71	61	577.92474	
72	1	673.0119	
72	14	147.46185	
72	47	131.24405	
72	8	464.21115	
73	5	182.14828	
73	37	305.98367
73	21	348.12784	
73	20	25.70992	
74	21	406.0074	
74	15	360.34705	
74	49	857.933	
74	11	663.3649	
75	61	423.5623	
75	66	225.22878	
75	22	276.0308	
75	25	338.99854	
76	42	521.3924	
76	69	237.59209	
76	47	296.60916	
76	51	564.40497	
77	69	225.22878	
77	13	388.94986
77	48	438.7995	
77	73	206.4001	
78	67	229.67151	
78	46	99.849884	
78	53	660.12195	
78	23	388.6811	
79	70	231.52538	
79	58	490.9175	
79	63	343.0758	
79	57	236.81216	
80	55	212.4241	
80	52	77.41447	
80	8	422.30914	
80	43	79.32213	
81	44	381.58746	
81	15	85.09406	
81	71	354.77457	
81	67	382.4683	
82	29	354.6449	
82	12	484.1095	
82	45	217.38905
82	52	110.0727	
83	50	290.131	
83	40	50.159744	
83	74	183.04372	
83	28	452.95145	
84	15	444.0867	
84	60	181.1077	
84	69	266.83514	
84	72	263.93372	
85	26	246.60292	
85	12	305.0	
85	15	415.82327	
85	35	677.16614	
86	66	95.85406	
86	26	208.73428	
86	34	188.06648	
86	17	200.58415	
87	12	355.16898	
87	69	115.1043
87	67	467.5746	
87	7	274.04562	
88	3	628.9905	
88	59	358.62097	
88	13	438.63425	
88	84	464.75906
89	88	88.95505	
89	42	693.40106	
89	10	325.34598	
89	83	153.10127	
90	6	685.6136
90	74	1002.55725
90	78	44.28318
90	36	421.49496	
91	68	319.0
91	55	875.5164
91	40	47.169907
91	88	189.28285
92	13	113.88591	
92	87	210.44002	
92	84	145.66057	
92	32	186.18808	
93	92	125.09996	
93	32	65.39113	
93	24	454.29727	
93	19	530.34045	
94	19	96.0
94	22	175.11139	
94	5	252.92686
94	59	615.7662	
95	41	471.00955	
95	8	305.36044	
95	79	196.2906	
95	30	520.56604	
96	22	434.69183	
96	76	380.0842
96	33	112.898186
96	46	447.96652	
97	93	99.62429	
97	15	344.39658	
97	89	551.8297	
97	17	660.6883	
98	43	224.3212	
98	51	169.38713	
98	84	554.2599	
98	69	381.58746	
99	97	669.5409	
99	12	269.43646	
99	55	596.61127	
99	25	354.52786	
0	29	429.4706	
0	81	269.89813	
0	89	166.67633	
0	42	531.2043	
1	35	277.3193	
1	99	160.37769	
1	64	343.73972	
1	25	258.95367	
2	55	462.64673
2	43	259.1409	
2	62	10.049875
2	95	506.67545
3	48	406.61038	
3	69	173.17332	
3	29	168.43396
3	45	402.6475