141 374
0
1
2
3
4
5
6
7
8
9
10
11
12
13
14
15
16
17
18
19
20
21
22
23
24
25
26
27
28
29
30
31
32
33
34
35
36
37
38
39
40
41
42
43
44
45
46
47
48
49
50
51
52
53
54
55
56
57
58
59
60
61
62
63
64
65
66
67
68
69
70
71
72
73
74
75
76
77
78
79
80
81
82
83
84
85
86
87
88
89
90
91
92
93
94
95
96
97
98
99
100
101
102
103
104
105
106
107
108
109
110
111
112
113
114
115
116
117
118
119
120
121
122
123
124
125
126
127
128
129
130
131
132
133
134
135
136
137
138
139
140
0 45 1
0 46 1
0 1 1
0 47 1
0 85 4
0 49 1
0 87 1
0 50 1
0 100 1
1 48 1
1 4 2
1 23 1
2 60 45
2 62 45
2 5 45
2 6 45
3 120 1
3 95 1
3 96 1
3 32 8
3 34 8
4 81 1
4 43 1
4 82 1
4 129 2
4 131 2
4 22 1
4 115 2
4 58 2
4 87 2
4 50 2
4 100 2
5 60 1
5 7 1
5 62 1
6 60 1
6 36 1
6 123 1
7 124 1
7 60 1
7 13 3
7 37 1
7 123 1
8 137 40
8 116 40
8 138 40
8 16 1
9 17 1
9 114 40
9 137 40
9 116 40
9 138 40
9 140 1
9 88 40
9 16 1
10 51 1
10 104 4
11 18 1
11 108 4
11 21 1
11 51 1
11 62 3
12 137 40
12 17 1
12 40 1
12 140 1
12 118 40
12 119 40
12 16 1
13 108 4
13 18 1
13 21 1
13 51 1
13 62 3
13 89 32
13 15 1
14 40 1
14 140 1
14 118 40
14 119 40
14 16 1
15 18 1
15 42 1
15 36 3
15 69 4
15 37 3
15 106 4
15 71 4
16 133 40
16 40 1
16 139 1
16 118 40
17 40 1
17 139 1
17 133 40
18 108 4
18 41 1
18 51 1
18 70 4
18 104 4
19 65 20
20 65 20
21 42 1
21 69 4
21 37 3
21 71 4
21 106 4
23 46 1
23 49 1
23 87 1
23 50 1
23 100 1
24 81 2
24 43 2
24 82 2
24 133 7
24 97 21
24 66 16
24 45 1
24 46 1
24 47 1
24 49 1
24 87 1
24 50 1
24 100 1
24 64 21
25 72 1
25 48 1
25 44 2
25 74 1
26 49 2
26 44 1
26 87 2
26 50 2
26 56 1
26 100 2
27 76 6
27 31 1
28 72 1
28 48 1
28 44 2
28 74 1
29 57 2
29 30 1
29 56 1
30 49 2
30 87 2
30 50 2
30 56 1
30 100 2
31 76 6
31 59 6
31 61 6
31 63 6
32 125 7
32 91 6
32 35 1
33 120 8
33 35 1
33 93 6
33 54 7
33 55 7
33 89 6
34 125 7
34 91 6
34 35 1
36 93 31
36 52 1
36 37 1
36 38 1
36 79 3
36 41 3
36 60 1
36 69 3
36 101 6
36 70 3
36 89 31
36 123 1
37 96 29
37 62 1
37 69 3
37 71 3
38 89 31
39 46 1
39 47 1
39 48 1
39 90 4
39 45 1
40 137 40
40 80 1
40 138 40
43 126 2
44 57 2
44 56 1
45 92 4
45 113 1
45 129 1
45 131 1
45 115 1
45 84 4
45 58 1
45 48 1
45 86 4
45 90 4
45 75 4
46 113 1
46 129 1
46 115 1
46 48 1
46 86 4
47 113 1
47 131 1
47 115 1
47 48 1
47 58 1
47 86 4
48 57 1
48 110 4
48 73 1
48 111 4
48 122 2
48 94 4
48 118 7
48 117 2
48 119 7
49 128 13
49 93 21
49 103 16
49 117 2
49 89 21
50 128 13
50 93 21
50 117 2
50 89 21
52 60 1
52 89 31
52 123 1
53 125 1
53 89 11
54 125 1
54 91 11
54 128 1
54 135 1
54 66 8
55 125 1
55 91 11
55 128 1
55 135 1
55 66 8
57 72 1
57 74 1
59 76 1
59 77 1
59 78 1
59 64 1
60 95 29
60 62 1
61 77 1
61 78 1
61 97 1
61 64 1
62 124 1
62 123 1
63 77 1
63 78 1
63 64 1
64 76 1
64 77 1
64 93 2
64 78 1
64 89 2
66 103 1
66 96 7
66 133 15
67 69 1
67 70 1
67 71 1
68 107 1
68 105 1
69 79 1
69 130 3
69 70 1
69 134 3
70 108 3
70 79 1
70 104 3
71 79 1
71 106 3
76 78 1
77 112 1
77 93 2
77 78 1
77 95 3
77 97 1
77 98 1
77 89 2
78 91 2
78 96 3
78 97 1
78 136 3
78 98 1
80 118 40
81 126 2
82 126 2
83 118 1
83 133 1
83 119 1
87 128 13
87 93 21
87 117 2
87 89 21
88 118 1
88 133 1
89 103 6
89 105 37
89 125 11
89 91 1
89 93 1
89 96 3
89 136 3
89 138 20
89 100 21
91 93 1
93 103 6
93 136 3
93 100 21
95 103 7
95 96 1
95 133 21
95 121 1
95 123 29
96 112 3
96 120 1
96 121 1
99 108 5
99 104 5
99 102 1
100 128 13
100 117 2
101 104 5
101 102 1
103 125 8
103 128 8
103 118 15
104 127 1
104 132 1
104 106 1
104 109 1
105 107 1
105 132 5
106 130 1
106 134 1
106 108 1
106 109 1
107 134 5
108 127 1
108 132 1
108 109 1
114 139 40
114 118 1
114 133 1
116 118 1
116 133 1
118 133 1
118 137 1
118 138 1
119 133 1
122 126 1
125 128 1
125 135 1
132 134 1
133 137 1
133 138 1
140 139 1