79 149
0
1
2
3
4
5
6
7
8
9
10
11
12
13
14
15
16
17
18
19
20
21
22
23
24
25
26
27
28
29
30
31
32
33
34
35
36
37
38
39
40
41
42
43
44
45
46
47
48
49
50
51
52
53
54
55
56
57
58
59
60
61
62
63
64
65
66
67
68
69
70
71
72
73
74
75
76
77
78
0 73 2
0 18 2
0 1 1
0 78 16
1 48 2
1 18 2
1 50 2
2 44 2
2 39 7
2 45 2
2 5 1
2 20 1
2 77 7
2 25 2
3 19 1
3 77 1
3 78 1
4 26 1
4 37 6
4 39 6
5 30 2
5 46 29
5 47 29
5 49 29
5 20 1
5 44 2
5 24 3
6 19 1
6 77 1
6 78 1
7 32 2
8 77 1
8 78 1
9 77 8
10 16 2
10 17 1
10 71 2
10 11 1
11 52 2
11 54 2
12 46 3
12 47 3
12 76 3
13 15 1
13 35 7
13 21 15
14 77 1
14 78 1
15 21 15
16 48 1
16 18 1
16 60 2
17 73 2
17 56 2
17 65 2
18 72 1
18 65 1
19 77 1
19 78 1
20 77 7
21 78 2
21 22 1
22 77 2
22 23 8
23 53 11
23 64 3
23 41 1
23 65 13
23 43 1
24 26 1
24 36 1
25 66 1
25 74 32
25 30 1
25 57 3
25 51 29
25 58 3
26 35 21
27 61 2
28 67 43
28 31 1
29 67 4
29 53 1
29 63 2
30 66 1
30 46 29
30 45 2
30 47 29
30 49 29
31 71 43
31 60 44
32 33 1
32 57 1
32 77 8
33 77 8
33 58 1
34 44 3
34 36 1
35 48 1
35 50 1
35 42 2
35 65 1
36 44 3
37 39 1
37 59 1
38 44 10
38 40 1
39 40 6
39 41 8
39 59 1
41 53 11
41 55 11
41 62 3
41 43 1
42 60 1
44 45 1
48 67 1
48 54 1
48 71 1
48 72 1
50 52 1
50 54 1
50 56 1
50 72 1
53 55 1
53 75 1
53 69 1
53 70 1
55 63 2
57 58 1
60 72 2
61 67 4
61 68 4
61 63 1
61 64 11
63 69 2
63 70 2
63 65 4
63 72 4
65 73 1
65 67 1
65 68 1
67 73 1
67 72 1
70 75 1
72 73 1
77 78 1